$ 1 0.000005 19.867427341514983 59 5 43 5e-11
L 160 160 128 160 0 1 false 5 0
L 160 288 128 288 0 1 false 5 0
R 32 224 0 224 1 2 100 2.5 2.5 0 0.5
150 208 160 272 160 0 3 0 5
w 160 160 208 160 0
w 160 224 176 224 0
w 176 224 176 176 0
w 176 176 208 176 0
150 208 288 272 288 0 3 0 5
w 160 288 208 288 0
w 176 224 176 272 0
w 176 272 208 272 0
153 336 160 416 160 0 2 5 5
153 336 288 416 288 0 2 0 5
O 480 160 512 160 1 0
O 480 288 512 288 1 0
w 416 288 448 288 0
w 416 160 448 160 0
w 448 160 448 208 0
w 448 208 416 240 0
w 416 240 336 240 0
w 336 240 336 272 0
w 448 288 448 240 0
w 448 240 416 208 0
w 416 208 336 208 0
w 336 208 336 176 0
w 448 288 480 288 0
w 448 160 448 112 0
w 448 112 176 112 0
w 176 112 176 144 0
w 176 144 208 144 0
w 448 160 480 160 0
w 304 144 336 144 0
w 448 288 448 336 0
w 448 336 176 336 0
w 176 336 176 304 0
w 176 304 208 304 0
150 96 224 160 224 0 2 0 5
w 272 288 304 288 0
w 304 288 304 304 0
w 304 304 336 304 0
w 272 160 304 160 0
w 304 160 304 144 0
w 32 208 96 208 0
I 48 240 96 240 0 0.5 5
w 48 240 32 240 0
w 32 224 32 240 0
w 32 224 32 208 0
